1 2 3 4 6 7 8 9 10 11 12 13 14 15 16 17 18 19 20 21 22 23 24 25 26 27 28 29 30 31 32 33 34 37 38 39 40 41 42 43 44 46 49 50 51 52 53 54 55 56 57 58 59 60 61 62 63 64 66 67 68 69 70 71 72 74
75 76 78 x x x 82 83 84 85 x x 89 90 91 x x x 102 103 104 105 106 107 108 110 111 112 113 114 115 x 117 118 119 x x x 124 x x 127 128 x x x 133 134 135 136 137 138 139 140 141 142 143 144 145 146 147 148 152 153 154 155
156 157 158 159 160 161 x 163 165 166 167 168 169 170 171 x 173 x 175 176 177 x 179 180 181 182 183 184 185 186 187 x 189 x x 193 194 196 x x 199 200 201 x 203 x x x 207 208 209 210 211 213 215 x 217 218 x x 222 x x x 226 227
x 229 x x x x 234 235 237 238 239 240 241 242 243 244 245 248 249 250 251 252 253 254 255 256 257 258 259 260 261 262 263 264 266 267 268 270 271 272 273 274 275 276 277 278 279 280 281 282 283 284 285 286 287 288 289 290 291 292 294 x 296 297 298 x
300 301 x 304 306 307 308 309 310 312 313 314 315 316 317 318 319 320 321 322 323 324 325 326 x 332 333 334 335 336 337 340 341 x 343 344 346 347 348 349 350 351 352 353 357 358 359 360 361 362 364 365 x 367 368 369 370 371 x x 374 x 376 377 378 379
380 381 382 383 384 385 386 387 388 389 390 392 393 394 395 396 397 398 399 400 x x x x x x x x x x 416 x x x 421 x 424 425 x 427 x x x x x 433 x x x x x 440 444 445 447 448 449 450 451 452 454 455 458 463 464 465
466 467 470 471 472 x
x 477 478 479 480 481
482 483 x 488 489 490
491 492 493 494 495 496
497 x x x 501 x
x x x x x x
x x x x x x
x x x x x 520
521 522 523 524 525 526
527 528 529 530 531 532
533 534 535 536 537 538
539 540 541 542 543 x 545 546 x 548 549 550 551 x x 554 x 556 x x 560 561 562 x x x x 568 569 x x x 574 575 576 577 578 579 580 581 582 583 584 585 587 588 589 590 591 592 593 594 595 596 597 598 599 600 601 606 607 608 609 610 611 612
613 615 616 617 618 619 620 621 622 623 626 627 628 629 630 631 632 x x x x x 638 640 641 x x x x x 647 x 649 650 651 652 653 654 655 656 657 658 659 660 661 662 664 665 666 667 x 670 671 672 673 674 675 676 677 x x x x x 683 x
x 686 x x x x x x x x x x x 699 700 701 704 x x 708 709 710 711 712 713 714 715 716 717 718 720 721 x 725 726 727 728 729 730 731 732 733 734 735 736 737 738 739 740 741 742 743 744 746 747 748 749 750 751 752 754 755 756 757 759 760
761 762 763 764 765 765 766 767 768 769 770 771 772 776 777 778 779 780 781 782 784 785 786 787 788 789 790 791 792 x 794 x 796 x 798 799 800 800 802 803 x 806 x 808 809 810 x x x x x x 817 818 819 x 821 823 824 x 826 x x 829 x 831
832 833 834 835 836 837 838 839 840 843 844 845 846 847 848 849 850 851 852 855 860 861 862 863 864 865 866 867 868 869 870 871 873 874 875 876 878 879 880 881 882 883 884 885 886 886 887 888 889 890 891 892 893 893 894 896 897 898 899 900 901 902 904 905 906 907
909 910 911 912 913 914 915 916 917 918 919 920 921 922 924 x 926 927 928 929 930 931 933 x x 936 x 938 x 940 941 942 x 944 x 946 947 x x x x x 953 x 955 958 959 960 963 964 965 966 967 968 970 971 972 973 974 975 976 977 980 981 982 983
984 985 987 988 989 x 991 992 994 995 996 997 998 999 1001 1002 1003 1003 1004 1005 1006 1007 1008 1009 1010 1011 1012 1013 1014 1015 1016 1017 1018 x x x 1021 x 1023 1024 1025 1026 1027 1028 1029 1030 x 1032 x x x 1036 1037 1038 1039 1040 1041 1042 1043 1044 1045 1046 1047 1048 1049 1050
1051 1052 1053 1054 1056 1057
1058 x x x 1062 x
x x x x x 1071
x x 1074 1076 x x
x 1081 x x x x
x x x x x x
x x x x x x
x x x x x x
x x x x x x
x x x x x x
x x x x x x
x x x x x x x x x x x x x x x x x x x x x x x x x x x x x x x x x x x x x x x x x x x x x x
